0.080127 81
0.003628 68
0.954027 1
0.072651 1
0.089545 1
0.073667 1
0.334333 1
0.104361 1
0.117076 1
0.110494 1
0.027698 1
0.146291 1
0.011801 1
0.272712 1
0.117615 1
0.021629 1
0.170413 1
0.124973 1
0.031091 1
0.047302 1
0.068079 1
0.019076 1
0.135252 1
0.022174 1
0.120181 1
0.649851 2
0.096061 55
0.005522 68
0.760120 1
0.028964 1
0.039498 1
0.154041 1
0.002671 1
0.001853 1
0.112067 1
0.013732 1
0.182936 1
0.117081 1
0.005727 1
0.162822 1
0.015280 1
0.097261 1
0.048961 1
0.018936 1
0.137283 1
0.249738 1
0.122203 1
0.030577 1
0.073021 1
0.039001 1
0.119319 1
0.032315 1
0.072219 1
0.029763 1
0.087458 1
0.048307 1
0.021576 1
0.040456 1
0.372147 2
0.079287 17
0.005407 68
1.440196 1
0.052905 1
0.084986 1
0.032590 1
0.142118 1
0.009779 1
0.091680 1
0.116825 1
0.022754 1
0.125880 1
0.030376 1
0.125257 1
0.013139 1
0.099638 1
0.037233 1
0.271383 1
0.129234 1
0.036116 1
0.086025 1
0.117943 1
0.032062 1
0.167999 1
0.017918 1
0.112936 1
0.011828 1
0.103530 1
0.017749 1
0.044049 1
0.114210 1
0.105931 1
0.137578 1
0.172401 1
0.013969 1
0.122002 1
0.106675 1
0.021844 1
0.143505 1
0.056069 1
0.041754 1
0.504440 2
0.074731 9
0.002055 92
0.004367 68
1.444384 1
0.014226 1
0.131010 1
0.005318 1
0.012583 1
0.112304 1
0.004892 1
0.092215 1
0.013944 1
0.043403 1
0.023731 1
0.067068 1
0.085147 1
0.018881 1
0.085709 1
0.007395 1
0.068392 1
0.270973 1
0.047027 1
0.108724 1
0.070426 1
0.013375 1
0.097938 1
0.038149 1
0.056810 1
0.021244 1
0.032584 1
0.137412 1
0.004063 1
0.084060 1
0.056117 1
0.005322 1
0.110416 1
0.186507 1
0.018094 1
0.045665 1
0.079908 1
0.108286 1
0.077862 1
0.075719 1
0.068279 1
0.120495 1
0.026831 1
0.030897 1
0.111764 1
0.035859 1
0.100526 1
0.087791 1
0.121757 1
0.061956 1
0.045579 1
0.023069 1
0.191363 1
0.017191 1
0.200911 1
0.054854 1
0.016602 1
0.547740 2
0.070055 126
0.002739 79
0.000030 54
0.000006 58
0.000005 59
0.003594 68
1.939605 1
0.125755 1
0.006461 1
0.119559 1
0.071311 1
0.024149 1
0.048875 1
0.055397 1
0.158579 1
0.013683 1
0.101917 1
0.032114 1
0.144248 1
0.017762 1
0.372528 1
0.111019 1
0.010201 1
0.104418 1
0.031582 1
0.070343 1
0.085812 1
0.094082 1
0.040304 1
0.031768 1
0.114384 1
0.104653 1
0.027071 1
0.032316 1
0.087487 1
0.272851 1
0.027998 1
0.062074 1
0.081866 1
0.060662 1
1.928270 2
0.103712 229
0.000008 34
0.006378 68
1.571699 1
0.054700 1
0.060689 1
0.108259 1
0.018685 1
0.085654 1
0.114507 1
0.022548 1
0.165889 1
0.157349 1
0.023110 1
0.096155 1
0.099717 1
0.026978 1
0.160216 1
0.040467 1
0.111594 1
0.093881 1
0.028950 1
0.110586 1
0.008111 1
0.092959 1
0.252471 1
0.003997 1
0.196807 1
0.138621 1
0.025542 1
0.223876 1
0.138523 1
0.077988 1
0.015147 1
0.038221 1
0.126324 1
0.019181 1
0.246529 1
0.910818 2
0.100135 50
0.005915 68
1.448539 1
0.091541 1
0.024002 1
0.080038 1
0.038565 1
0.125790 1
0.069788 1
0.161738 1
0.184277 1
0.060073 1
0.045514 1
0.120126 1
0.030043 1
0.270731 1
0.001354 1
0.163964 1
0.078080 1
0.094463 1
0.014115 1
0.099770 1
0.041346 1
0.084253 1
0.125032 1
0.240970 1
0.130103 1
1.140087 2
0.104603 320
0.002310 82
0.003497 68
2.527721 1
0.074892 1
0.068134 1
0.032412 1
0.101196 1
0.112490 1
0.047390 1
0.126493 1
0.009222 1
0.216730 1
0.069695 1
0.082492 1
0.075998 1
0.019511 1
0.075947 1
0.040744 1
0.047943 1
0.023220 1
0.138548 1
0.114830 1
0.153271 1
0.005165 1
0.088929 1
0.049094 1
0.047755 1
0.105470 1
0.065085 1
0.364089 1
0.091106 1
0.045253 1
0.120574 1
0.141304 1
0.132690 1
0.360253 2
0.062884 27
0.007150 68
0.714188 1
0.089713 1
0.002279 1
0.091719 1
0.041843 1
0.029801 1
0.092722 1
0.019626 1
0.119271 1
0.056714 1
0.040032 1
0.106566 1
0.109678 1
0.028261 1
0.035187 1
0.005571 1
0.098554 1
0.005609 1
0.088605 1
0.046260 1
0.075782 1
0.065469 1
0.117599 1
0.513059 2
1.747113 35
0.432912 10
0.000029 15
0.000047 22
0.507865 23
0.000199 87
0.104933 110
0.103592 23
0.000118 87
0.141471 110
0.109103 110
0.119414 23
0.000026 87
0.112704 23
0.000021 87
0.222541 110
0.110251 110
0.059634 47
0.000025 46
0.000412 109
0.096636 109
0.031575 42
0.010178 81
0.003344 48
0.001636 31
0.002096 15
0.000084 57
0.003915 68
1.934925 1
0.078229 1
0.110627 1
0.085149 1
0.082007 1
0.044634 1
0.090219 1
0.236892 1
0.159186 1
0.103965 1
0.181632 1
0.114898 1
0.053529 1
0.071914 1
0.120060 1
0.108213 1
0.005286 1
0.061298 1
0.067325 1
0.173641 1
0.154951 1
0.053188 1
0.127853 1
0.011792 1
0.206899 1
0.218115 1
0.087128 1
0.122318 1
0.014750 1
0.087431 1
0.281849 1
0.106537 1
0.142625 1
0.149694 1
0.020524 1
0.241504 1
0.156070 1
0.116411 1
0.072338 1
0.159359 1
0.036050 1
0.220454 1
0.013846 1
0.182336 1
0.171506 1
0.005678 1
0.126305 1
0.061967 1
0.118536 1
0.079523 1
0.071681 1
0.039818 1
0.040366 1
0.166118 1
0.117579 1
0.102836 1
0.357810 2
0.042925 68
0.806689 1
0.015734 1
0.066078 1
0.034808 1
0.020091 1
0.060094 1
0.061416 1
0.084435 1
0.243261 1
0.131815 1
0.161539 1
0.002642 1
0.100725 1
0.050204 1
0.012013 1
0.023967 1
0.085486 1
0.106271 1
0.068596 1
0.283768 1
0.129681 1
0.084584 1
0.069233 1
0.105924 1
0.106210 1
0.081346 1
0.083258 1
0.039650 1
0.084095 1
0.118526 1
0.037545 1
0.098044 1
0.138288 1
0.019665 1
0.003599 1
0.032439 1
0.016083 1
0.073541 1
0.040047 1
0.178818 1
0.237518 1
0.144305 1
0.029048 1
0.026680 1
0.119662 1
0.968067 2
0.059154 58
0.016871 10
0.000016 30
0.033149 106
0.099196 23
0.000011 83
0.103059 106
0.100028 23
0.000010 83
0.039555 23
0.000071 75
0.033831 23
0.000010 12
0.056777 101
0.015407 15
0.000026 72
0.003935 68
1.831908 1
0.011721 1
0.044903 1
0.075413 1
0.036023 1
0.082416 1
0.029724 1
0.140025 1
0.107675 1
0.040106 1
0.068025 1
0.087225 1
0.015015 1
0.091956 1
0.029765 1
0.011953 1
0.084288 1
0.143684 1
0.034183 1
0.022234 1
0.159847 1
0.026043 1
0.111645 1
0.009786 1
0.026025 1
0.099603 1
0.090863 1
0.098385 1
0.107585 1
0.007275 1
0.018443 1
0.114188 1
0.034061 1
0.667760 2
0.047203 449
0.000509 32
0.006266 68
0.861001 1
0.081229 1
0.001412 1
0.035913 1
0.085825 1
0.043485 1
0.019148 1
0.067317 1
0.094205 1
0.019183 1
0.074463 1
0.020032 1
0.080028 1
0.115657 1
0.008711 1
0.006161 1
0.165627 1
0.077856 1
0.052016 1
0.075715 1
0.031687 1
0.106639 1
0.016141 1
0.134229 1
0.141112 1
0.033805 1
0.074447 1
0.024040 1
0.180232 1
0.120059 1
0.126195 1
0.024120 1
0.075731 1
0.079109 1
0.137497 1
0.000994 1
0.216189 1
0.003444 1
0.164959 1
0.003457 1
0.090018 1
0.033915 1
0.090256 1
0.109273 1
0.180790 1
0.745546 2
0.074194 86
0.011673 8
0.000013 102
0.016567 69
0.000010 86
0.065919 109
0.028580 38
0.000011 4
0.011490 81
0.003724 70
0.001576 35
0.001876 15
0.000047 171
0.003695 68
1.988017 1
0.120044 1
0.103360 1
0.140438 1
0.101935 1
0.022449 1
0.222708 1
0.216981 1
0.121211 1
0.005321 1
0.069220 1
0.104445 1
0.098287 1
0.084117 1
0.003592 1
0.080450 1
0.040192 1
0.078780 1
0.047401 1
0.008501 1
0.013773 1
0.084796 1
0.068836 1
0.063141 1
0.001954 1
0.025082 1
0.052446 1
0.023508 1
0.077974 1
0.055432 1
0.006019 1
0.003957 1
0.013306 1
0.067217 1
0.014586 1
0.007236 1
0.142529 1
0.044188 1
0.024226 1
0.003748 1
0.002332 1
0.127138 1
0.022680 1
0.011956 1
0.012021 1
0.021017 1
0.029962 1
0.037931 1
0.076304 1
0.047845 1
0.003354 1
0.033146 1
0.077823 1
0.050836 1
0.051094 1
0.468674 2
0.004058 68
0.211483 1
0.027521 1
0.018356 1
0.081853 1
0.003644 1
0.012097 1
0.004503 1
0.062287 1
0.043549 1
0.026476 1
0.043977 1
0.033624 1
0.024131 1
0.098123 1
0.005212 1
0.020524 1
0.040179 1
0.031391 1
0.001659 1
0.028783 1
0.084106 1
0.000992 1
0.014379 1
0.028213 1
0.008554 1
0.036279 1
0.045346 1
0.074211 1
0.002990 1
0.016250 1
0.070695 1
0.022091 1
0.086090 1
0.020519 1
0.012785 1
0.024475 1
0.051753 1
0.014354 1
0.048474 1
0.057329 1
0.009091 1
0.012728 1
0.048649 1
0.005512 1
0.001790 1
0.070083 1
0.026330 1
0.019332 1
0.002301 1
0.151966 1
0.015427 1
0.002097 1
0.016593 1
0.040468 1
0.037687 1
0.002405 1
0.107669 1
0.019939 1
0.001145 1
0.004900 1
0.006865 1
0.591188 2
0.016565 68
0.830302 1
0.000691 1
0.100233 1
0.014711 1
0.082484 1
0.020070 1
0.039285 1
0.044126 1
0.113522 1
0.000993 1
0.284136 1
0.060637 1
0.185012 1
0.010157 1
0.045744 1
0.054754 1
0.121569 1
0.206378 1
0.111643 1
0.116138 1
0.051441 1
0.124322 1
0.098270 1
0.135480 1
0.008907 1
0.007572 1
0.153518 1
0.100103 1
0.120400 1
0.016697 1
0.071228 1
0.061836 1
0.039583 1
0.124335 1
0.017277 1
0.084967 1
0.003260 1
0.164537 1
0.030557 1
0.066378 1
0.042766 1
0.205379 1
0.040154 1
0.996072 2
0.028671 41
0.013119 117
0.005727 68
1.202206 1
0.007917 1
0.013772 1
0.101864 1
0.008737 1
0.151682 1
0.007669 1
0.028187 1
0.097339 1
0.082822 1
0.081831 1
0.069856 1
0.003829 1
0.102701 1
0.041609 1
0.150396 1
0.069657 1
0.014029 1
0.074557 1
0.025177 1
0.060427 1
0.112153 1
0.055995 1
0.072045 1
0.115835 1
0.073887 1
0.085934 1
0.108303 1
0.054363 1
0.233485 1
0.114037 1
0.009387 1
0.110254 1
0.020446 1
0.141328 1
0.088336 1
0.116113 1
0.129979 1
0.083834 1
0.134177 1
0.108013 1
0.045823 1
0.052400 1
0.071691 1
0.087286 1
0.001472 1
0.123576 1
0.222324 1
0.113351 1
0.030420 1
0.115414 1
0.034943 1
0.114322 1
0.011528 1
0.117354 1
0.037321 1
0.013839 1
0.082292 1
0.156200 1
0.116763 1
0.022196 1
0.088600 1
0.023796 1
0.231975 1
0.002423 1
0.022267 1
0.079197 1
0.028168 1
0.108244 1
0.071759 1
0.047481 1
0.053605 1
0.037848 1
0.123023 1
0.011416 1
0.095076 1
0.008201 1
0.003445 1
0.031816 1
0.133010 1
0.023295 1
0.077777 1
0.069810 1
0.088195 1
0.014792 1
0.072982 1
0.110124 1
0.110010 1
0.041796 1
0.182236 1
0.001179 1
0.158952 1
0.104280 1
0.014327 1
0.780686 2
0.033027 66
0.024304 64
0.077009 53
0.072784 76
0.002242 15
0.000073 136
0.003708 68
2.030503 1
0.070590 1
0.079413 1
0.037719 1
0.004085 1
0.078195 1
0.174502 1
0.025512 1
0.009825 1
0.124255 1
0.007603 1
0.068021 1
0.162222 1
0.037910 1
0.069999 1
0.810336 2
0.027764 2
0.000200 151
0.000027 39
0.000033 32
0.000052 16
0.000025 28
0.000068 37
0.000038 118
0.000036 16
0.000127 107
0.000079 150
0.018888 68
1.293615 1
0.004467 1
0.013411 1
0.139996 1
0.002075 1
0.061991 1
0.259826 1
0.098239 1
0.044227 1
0.099727 1
0.137923 1
0.016253 1
0.078373 1
0.059297 1
0.091867 1
0.038245 1
0.047595 1
0.034416 1
0.048332 1
0.348039 1
0.091694 1
0.103942 1
0.027925 1
0.069916 1
0.087136 1
0.177557 1
0.075628 1
0.039864 1
0.017884 1
0.118425 1
0.177501 1
0.073084 1
0.014947 1
0.091003 1
0.042133 1
0.123750 1
0.085245 1
0.007523 1
0.124448 1
0.150486 1
0.103210 1
0.107749 1
0.058378 1
0.144453 1
0.080877 1
0.132596 1
0.005037 1
0.700984 2
0.067542 2
0.000014 12
0.000008 35
0.000017 55
0.000009 22
0.000007 14
0.000009 17
0.000008 18
0.000009 31
0.000008 32
0.000013 16
0.000016 115
0.000008 27
0.000024 92
0.000009 2
0.000021 2
0.002059 65
0.004965 68
1.838664 1
0.009194 1
0.099552 1
0.041384 1
0.175400 1
0.112056 1
0.076029 1
0.025895 1
0.030148 1
0.074341 1
0.038038 1
0.109378 1
0.069947 1
0.098737 1
0.102198 1
0.014944 1
0.095828 1
0.040451 1
0.101996 1
0.042836 1
0.028131 1
0.042684 1
0.064373 1
0.115424 1
0.281748 1
0.120828 1
0.034122 1
0.112895 1
0.051382 1
0.094974 1
0.008683 1
0.257132 1
0.127903 1
0.040549 1
0.046507 1
0.102977 1
0.030378 1
0.085665 1
0.029072 1
0.075626 1
0.003682 1
0.161354 1
0.067856 1
0.001822 1
0.089400 1
0.113606 1
0.086767 1
0.081492 1
0.313125 1
0.116160 1
0.081807 1
0.156920 1
0.003777 1
0.159674 1
0.161990 1
0.060035 1
0.131907 1
0.093860 1
0.025812 1
0.170225 1
0.145194 1
0.027310 1
0.031019 1
0.084806 1
0.070735 1
0.215919 1
0.014909 1
0.161061 1
0.112618 1
0.029634 1
0.159943 1
0.088220 1
0.097960 1
0.043838 1
0.035747 1
0.120359 1
0.869853 2
0.070007 68
0.694851 1
0.082838 1
0.079246 1
0.088752 1
0.044219 1
0.028271 1
0.118270 1
0.062743 1
0.004063 1
0.096208 1
0.078765 1
0.085887 1
0.034316 1
0.096807 1
0.026649 1
0.136815 1
0.040096 1
0.024512 1
0.100761 1
0.015324 1
0.082672 1
0.102704 1
0.106251 1
0.058157 1
0.114602 1
0.031811 1
0.129152 1
0.083917 1
0.146076 1
0.076367 1
0.131835 1
0.005527 1
0.228155 1
0.106496 1
0.007815 1
0.132180 1
0.005200 1
0.003033 1
0.141859 1
0.095698 1
0.053905 1
0.066666 1
0.022338 1
0.077506 1
0.045408 1
0.186464 1
0.155772 1
0.116692 1
0.032803 1
0.615431 2
0.090459 113
0.000742 58
0.006330 40
0.006027 23
0.000006 26
0.018482 99
0.000115 36
0.069563 53
0.002023 60
0.004512 68
1.786594 1
0.054017 1
0.147189 1
0.002131 1
0.135524 1
0.014545 1
0.111697 1
0.104644 1
0.248940 1
0.080900 1
0.061517 1
0.091772 1
0.078265 1
0.123925 1
0.064150 1
0.019779 1
0.023042 1
0.077661 1
0.200278 1
0.010828 1
0.006439 1
0.132919 1
0.125750 1
0.099339 1
0.108738 1
0.022192 1
0.088263 1
0.084744 1
0.067901 1
0.104137 1
0.127812 1
0.096938 1
0.035045 1
0.577527 2
0.075727 379
0.000295 32
0.001832 15
0.000033 91
0.000055 58
0.003821 68
2.137036 1
0.053919 1
0.051645 1
0.005745 1
0.058667 1
0.110915 1
0.038859 1
0.012318 1
0.309520 1
0.068399 1
0.103966 1
0.015646 1
0.033119 1
0.075226 1
0.043659 1
0.166396 1
0.135938 1
0.173697 1
0.196323 1
0.153863 1
0.090718 1
0.097765 1
0.081649 1
0.208922 1
0.115688 1
0.126083 1
0.078917 1
0.127962 1
0.099271 1
1.398484 2
0.004299 68
0.815341 1
0.077840 1
0.009557 1
0.068977 1
0.063284 1
0.056327 1
0.021812 1
0.148180 1
0.115985 1
0.129643 1
0.099969 1
0.010665 1
0.118705 1
0.004291 1
0.043256 1
0.172043 1
0.041274 1
0.030839 1
0.194477 1
0.023000 1
0.088224 1
0.017846 1
0.093582 1
0.089027 1
0.049133 1
0.079502 1
0.079679 1
0.038907 1
0.049637 1
0.103878 1
0.079707 1
0.018583 1
0.039169 1
0.053827 1
0.072876 1
0.057072 1
0.068666 1
0.091669 1
0.196203 1
0.099564 1
0.036006 1
0.027914 1
0.092157 1
0.086885 1
0.023529 1
0.605699 2
0.088764 34
0.006827 68
1.093436 1
0.070388 1
0.128102 1
0.080261 1
0.095728 1
0.047302 1
0.073465 1
0.084270 1
0.080150 1
0.140263 1
0.127938 1
0.096101 1
0.105382 1
0.164109 1
0.082630 1
0.089316 1
0.060751 1
0.109845 1
0.079962 1
0.011693 1
0.087942 1
0.114282 1
0.145685 1
0.120569 1
0.103979 1
0.185806 1
0.109991 1
0.085591 1
0.064676 1
0.133562 1
0.202239 1
0.290010 1
0.477912 1
0.167682 1
0.115061 1
0.151976 1
0.093028 1
0.042838 1
0.408063 1
0.092329 1
0.099950 1
0.204092 1
0.123997 1
0.595704 2
0.090150 120
0.031860 127
0.000042 2
0.000031 4
0.000028 4
0.000010 33
0.000008 4
0.014186 23
0.000020 87
0.018670 47
0.000086 155
0.066555 23
0.000010 86
0.032859 42
0.023238 79
0.000117 2
0.000037 133
0.000200 139
0.000614 2
0.020531 33
0.009665 15
0.000222 43
0.037787 68
1.678253 1
0.055808 1
0.136099 1
0.039644 1
0.142227 1
0.035999 1
0.104293 1
0.098338 1
0.153508 1
0.109376 1
0.081390 1
0.065172 1
0.117871 1
0.046789 1
0.098663 1
0.067384 1
0.157326 1
0.035913 1
0.234141 1
0.161467 1
0.108542 1
0.060206 1
0.130354 1
0.225436 1
0.081860 1
0.119235 1
0.117385 1
0.168480 1
0.109874 1
0.156818 1
0.129365 1
0.245034 1
0.107121 1
0.118657 1
0.045153 1
0.141548 1
0.088598 1
0.048486 1
0.083589 1
0.119620 1
0.221128 1
0.160931 1
0.170644 1
0.243301 1
0.092576 1
0.107472 1
0.115942 1
0.192018 1
0.200051 1
0.071412 1
0.151607 1
0.339067 1
0.226675 1
0.095324 1
0.885305 1
0.054242 1
0.059751 1
0.117511 1
0.142207 1
0.081838 1
0.152404 1
0.419577 2
0.095876 52
0.000101 27
0.000007 32
0.000006 28
0.000012 99
0.000006 2
0.000034 72
0.000036 24
0.000006 19
0.000008 78
0.000178 162
0.005962 68
4.760015 2
