0.080410 81
0.006227 68
0.956370 1
0.068652 1
0.019295 1
0.054056 1
0.360966 1
0.045104 1
0.037251 1
0.108679 1
0.041904 1
0.421197 1
0.111882 1
0.037987 1
0.063069 1
0.019875 1
0.135072 1
0.120097 1
0.023886 1
0.057932 1
0.044117 1
0.096838 1
0.090880 1
0.172261 1
0.016177 1
0.524039 2
0.073801 55
0.006168 68
0.375657 1
0.022064 1
0.072062 1
0.073074 1
0.083352 1
0.043523 1
0.120078 1
0.013994 1
0.022010 1
0.076376 1
0.083921 1
0.073991 1
0.015708 1
0.031891 1
0.046065 1
0.230332 1
0.093679 1
0.017968 1
0.090203 1
0.046130 1
0.089904 1
0.036747 1
0.026061 1
0.098293 1
0.008789 1
0.016054 1
0.125246 1
0.003535 1
0.065092 1
0.092076 1
0.608944 2
0.050526 17
0.006419 68
1.005174 1
0.022058 1
0.049728 1
0.028060 1
0.038107 1
0.064389 1
0.091529 1
0.082081 1
0.019989 1
0.072019 1
0.015884 1
0.154947 1
0.179838 1
0.085142 1
0.078277 1
0.011779 1
0.084904 1
0.079132 1
0.069999 1
0.021187 1
0.113809 1
0.096026 1
0.027708 1
0.068379 1
0.085869 1
0.146494 1
0.297570 1
0.023975 1
0.136099 1
0.097755 1
0.031940 1
0.122222 1
0.030286 1
0.127697 1
0.153672 1
0.120236 1
0.039575 1
0.085112 1
0.043341 1
0.443729 2
0.031681 9
0.002443 15
0.000033 77
0.000037 66
0.000068 116
0.000021 62
0.004327 68
2.332952 1
0.336191 1
0.093894 1
0.087859 1
0.067725 1
0.180276 1
0.138002 1
0.033827 1
0.003919 1
0.092071 1
0.026113 1
0.672013 1
0.436839 1
0.065953 1
0.116016 1
0.202081 1
0.259961 1
0.064042 1
0.093009 1
0.027189 1
0.113763 1
0.003913 1
0.126174 1
0.087953 1
0.334258 1
0.063753 1
0.027853 1
0.080096 1
0.104029 1
0.048177 1
0.097799 1
0.068113 1
0.145929 1
0.020086 1
0.097892 1
0.038432 1
0.199221 1
0.056328 1
0.080538 1
0.023501 1
0.032025 1
0.107981 1
0.051863 1
0.009996 1
0.103240 1
0.017580 1
0.265873 1
0.106603 1
0.026625 1
0.075166 1
0.051040 1
0.195193 1
0.024866 1
0.112918 1
0.059941 1
0.005811 1
0.096192 1
0.714118 2
0.073501 60
0.000013 33
0.000005 17
0.000006 14
0.006848 68
0.885723 1
0.027806 1
0.080075 1
0.065201 1
0.110740 1
0.058901 1
0.023031 1
0.097047 1
0.285056 1
0.007983 1
0.018993 1
0.108094 1
0.121902 1
0.106041 1
0.029869 1
0.114084 1
0.036950 1
0.096974 1
0.052145 1
0.134359 1
0.261982 1
0.173558 1
0.065973 1
0.062173 1
0.130076 1
0.001518 1
0.010225 1
0.114014 1
0.041927 1
0.078075 1
0.209965 1
0.086067 1
0.124015 1
0.043994 1
0.001648 1
0.210324 1
0.077992 1
0.269370 1
0.938353 2
0.085896 106
0.000012 62
0.000006 18
0.000005 10
0.000340 139
0.000247 30
0.000007 46
0.000005 52
0.000005 27
0.000020 131
0.000006 20
0.000007 10
0.000010 49
0.000005 20
0.000005 12
0.002537 15
0.000027 67
0.004853 68
1.763415 1
0.111843 1
0.020493 1
0.080710 1
0.229712 1
0.038287 1
0.091826 1
0.050120 1
0.052861 1
0.125068 1
0.335915 1
0.014012 1
0.189975 1
0.102195 1
0.012085 1
0.113960 1
0.018806 1
0.022986 1
0.096187 1
0.365926 1
0.183931 1
0.010004 1
0.048114 1
0.154545 1
0.127383 1
0.027912 1
0.028352 1
0.136764 1
0.032892 1
0.001773 1
0.080143 1
0.024043 1
0.212467 1
0.511749 2
0.028309 27
0.005901 68
0.559730 1
0.093686 1
0.008306 1
0.073033 1
0.056864 1
0.020027 1
0.090928 1
0.037595 1
0.044487 1
0.046072 1
0.196932 1
0.163300 1
0.036976 1
0.184504 1
0.102440 1
0.046792 1
0.138981 1
0.079977 1
0.204004 1
0.036605 1
0.093389 1
0.044043 1
0.001760 1
0.664049 2
1.692709 35
0.424157 11
0.000009 32
0.000085 4
0.556603 8
0.000026 102
0.103549 23
0.000008 87
0.105965 23
0.000009 87
0.160122 23
0.000016 87
0.110458 23
0.000010 87
0.113410 110
0.111953 23
0.000027 87
0.200276 110
0.101491 23
0.000017 87
0.116169 110
0.103124 23
0.000011 87
0.024780 46
0.000044 23
0.000035 86
0.073203 23
0.000008 86
0.031696 42
0.009761 81
0.003510 48
0.001689 31
0.001954 15
0.000030 91
0.000070 44
0.006156 68
1.802142 1
0.020875 1
0.098223 1
0.016779 1
0.135153 1
0.048844 1
0.149173 1
0.095836 1
0.073095 1
0.042971 1
0.023874 1
0.107969 1
0.078004 1
0.011956 1
0.022009 1
0.064025 1
0.130558 1
0.101668 1
0.041937 1
0.113932 1
0.019948 1
0.082061 1
0.059965 1
0.044171 1
0.072152 1
0.013784 1
0.020028 1
0.151775 1
0.033935 1
0.035559 1
0.080859 1
0.053849 1
0.074294 1
0.144313 1
0.013333 1
0.179535 1
0.054578 1
0.093724 1
0.024242 1
0.117835 1
0.045986 1
0.127213 1
0.008715 1
0.079390 1
0.149670 1
0.025921 1
0.072195 1
0.059895 1
0.152161 1
0.157857 1
0.077129 1
0.044490 1
0.075351 1
0.039072 1
0.060100 1
0.067846 1
1.038092 2
0.041111 68
0.626172 1
0.011078 1
0.147590 1
0.004890 1
0.151328 1
0.017901 1
0.070632 1
0.081459 1
0.039769 1
0.070086 1
0.005723 1
0.040220 1
0.042129 1
0.102086 1
0.112949 1
0.037891 1
0.082870 1
0.087090 1
0.085038 1
0.094829 1
0.040076 1
0.030206 1
0.117374 1
0.014945 1
0.031552 1
0.101916 1
0.081995 1
0.068087 1
0.046033 1
0.165891 1
0.064335 1
0.103812 1
0.041849 1
0.119901 1
0.088192 1
0.044063 1
0.017793 1
0.186167 1
0.109745 1
0.068400 1
0.087994 1
0.031644 1
0.130215 1
0.186069 1
0.012775 1
0.632950 2
0.023768 58
0.012824 10
0.000012 30
0.019717 23
0.000027 83
0.103350 23
0.000009 83
0.103372 23
0.000010 83
0.104950 106
0.052391 23
0.000009 75
0.033657 31
0.000015 4
0.069538 101
0.007836 68
1.034602 1
0.025183 1
0.003737 1
0.112009 1
0.095010 1
0.097029 1
0.041940 1
0.041939 1
0.128312 1
0.001410 1
0.120421 1
0.055890 1
0.011262 1
0.116811 1
0.103453 1
0.026777 1
0.083926 1
0.012016 1
0.087873 1
0.028183 1
0.183679 1
0.041557 1
0.044830 1
0.015823 1
0.089848 1
0.332079 1
0.078804 1
0.079096 1
0.016367 1
0.117827 1
0.057791 1
0.053327 1
0.070035 1
0.899949 2
0.044148 449
0.000422 32
0.007791 68
1.573369 1
0.069938 1
0.119999 1
0.087962 1
0.108237 1
0.040048 1
0.073934 1
0.015377 1
0.100539 1
0.115936 1
0.132224 1
0.120834 1
0.177170 1
0.168072 1
0.014011 1
0.123853 1
0.071037 1
0.121134 1
0.072640 1
0.003879 1
0.083345 1
0.334997 1
0.484916 1
0.141223 1
0.245845 1
0.158030 1
0.135955 1
0.048014 1
0.142237 1
0.013742 1
0.095955 1
0.064047 1
0.181839 1
0.248038 1
0.026151 1
0.078078 1
0.046272 1
0.063615 1
0.154042 1
0.023944 1
0.080089 1
0.125823 1
0.205300 1
0.025662 1
0.056954 1
0.416125 2
0.060540 49
0.000017 37
0.015019 8
0.000043 15
0.000190 87
0.016016 47
0.000008 42
0.000013 4
0.000270 23
0.000034 86
0.072367 109
0.030760 42
0.008451 81
0.003230 70
0.001890 35
0.001886 15
0.000006 93
0.000083 78
0.004873 68
2.693384 1
0.098932 1
0.109198 1
0.116891 1
0.089984 1
0.034897 1
0.117128 1
0.463847 1
0.117237 1
0.004821 1
0.008085 1
0.101881 1
0.023933 1
0.022136 1
0.062994 1
0.006848 1
0.052031 1
0.059918 1
0.032244 1
0.016850 1
0.016915 1
0.020081 1
0.020023 1
0.092071 1
0.020148 1
0.017692 1
0.013251 1
0.042948 1
0.101972 1
0.007875 1
0.014455 1
0.025733 1
0.069925 1
0.024060 1
0.106022 1
0.023860 1
0.022059 1
0.013941 1
0.098037 1
0.018130 1
0.060764 1
0.081219 1
0.053962 1
0.017891 1
0.016511 1
0.043535 1
0.076887 1
0.013166 1
0.021721 1
0.046425 1
0.093812 1
0.007962 1
0.018177 1
0.087862 1
0.015983 1
0.387930 2
0.004176 68
0.126505 1
0.011522 1
0.003962 1
0.079936 1
0.002670 1
0.059207 1
0.030190 1
0.033061 1
0.094749 1
0.021240 1
0.000377 1
0.006543 1
0.001519 1
0.016228 1
0.029088 1
0.002836 1
0.125172 1
0.019241 1
0.006877 1
0.031179 1
0.067878 1
0.003803 1
0.043998 1
0.010331 1
0.047639 1
0.011295 1
0.005626 1
0.027137 1
0.032078 1
0.021122 1
0.047645 1
0.019425 1
0.031717 1
0.024147 1
0.091016 1
0.021979 1
0.098053 1
0.006875 1
0.023933 1
0.108240 1
0.004763 1
0.014161 1
0.004036 1
0.050652 1
0.039291 1
0.021986 1
0.019927 1
0.083940 1
0.055098 1
0.022985 1
0.027927 1
0.064103 1
0.074338 1
0.065651 1
0.029893 1
0.013942 1
0.008202 1
0.075779 1
0.026218 1
0.113969 1
0.003939 1
0.536070 2
0.005131 68
1.040909 1
0.061909 1
0.127943 1
0.059369 1
0.110833 1
0.051151 1
0.069011 1
0.131982 1
0.142800 1
0.159137 1
0.030673 1
0.124135 1
0.101880 1
0.097090 1
0.105993 1
0.130984 1
0.129919 1
0.168043 1
0.242345 1
0.097772 1
0.002967 1
0.009194 1
0.123847 1
0.125900 1
0.002594 1
0.117502 1
0.337974 1
0.061983 1
0.039969 1
0.130146 1
0.011121 1
0.008613 1
0.088017 1
0.044155 1
0.062821 1
0.175125 1
0.153975 1
0.008116 1
0.014898 1
0.102301 1
0.077768 1
0.088829 1
0.011236 1
0.636162 2
0.024135 41
0.017413 117
0.006283 68
1.638133 1
0.089836 1
0.110068 1
0.083885 1
0.099980 1
0.033863 1
0.083282 1
0.112833 1
0.148910 1
0.025192 1
0.121926 1
0.078851 1
0.141035 1
0.227312 1
0.352843 1
0.025037 1
0.171955 1
0.019844 1
0.110241 1
0.025898 1
0.007891 1
0.068141 1
0.030351 1
0.101602 1
0.105943 1
0.116145 1
0.081893 1
0.186050 1
0.108485 1
0.326630 1
0.278870 1
0.236059 1
0.113933 1
0.179174 1
0.106109 1
0.156761 1
0.158907 1
0.048114 1
0.074112 1
0.040736 1
0.046159 1
0.042923 1
0.103926 1
0.186437 1
0.003536 1
0.108343 1
0.037889 1
0.051856 1
0.073996 1
0.075093 1
0.284853 1
0.316180 1
0.169965 1
0.207954 1
0.016162 1
0.101759 1
0.003781 1
0.112338 1
0.077876 1
0.148130 1
0.065968 1
0.113732 1
0.027228 1
0.037924 1
0.066861 1
0.027969 1
0.134377 1
0.003555 1
0.088386 1
0.013842 1
0.134976 1
0.026256 1
0.002626 1
0.171361 1
0.167124 1
0.083963 1
0.128981 1
0.026690 1
0.015145 1
0.103866 1
0.041034 1
0.063033 1
0.123986 1
0.046135 1
0.051752 1
0.098096 1
0.118020 1
0.237852 1
0.090195 1
0.041886 1
0.075923 1
0.016048 1
0.076065 1
0.129948 1
0.908196 2
0.022412 66
0.021873 64
0.064359 53
0.069953 76
0.002281 15
0.000068 136
0.004055 68
2.089931 1
0.076093 1
0.073972 1
0.130168 1
0.070698 1
0.079276 1
0.101746 1
0.086294 1
0.135759 1
0.138005 1
0.150095 1
0.102098 1
0.189602 1
0.050210 1
0.060121 1
0.177781 1
0.006847 1
0.094169 1
0.056164 1
0.046797 1
0.080180 1
0.027735 1
0.301996 1
0.105136 1
0.122053 1
0.007959 1
0.080050 1
0.117899 1
0.076474 1
0.012492 1
0.155121 1
0.132901 1
0.075971 1
0.078096 1
0.075227 1
0.050719 1
0.027116 1
0.160850 1
0.058216 1
0.178862 1
0.083955 1
0.012059 1
0.096259 1
0.040826 1
0.957163 2
0.008129 2
0.000015 12
0.000007 36
0.000166 646
0.005290 68
1.456414 1
0.252844 1
0.056809 1
0.140353 1
0.130669 1
0.078051 1
0.080875 1
0.062019 1
0.136013 1
0.038969 1
0.126013 1
0.013063 1
0.051037 1
0.180147 1
0.170059 1
0.066234 1
0.117703 1
0.053878 1
0.012044 1
0.147736 1
0.094113 1
0.001648 1
0.072645 1
0.167752 1
0.060103 1
0.134024 1
0.014007 1
0.015824 1
0.098139 1
0.341966 1
0.054924 1
0.092044 1
0.006851 1
0.105107 1
0.115082 1
0.141937 1
0.036004 1
0.073873 1
0.040374 1
0.080701 1
0.052159 1
0.160910 1
0.104016 1
0.145862 1
0.077047 1
0.022067 1
0.070010 1
0.091965 1
0.143954 1
0.130169 1
0.088129 1
0.059665 1
0.083998 1
0.030096 1
0.112001 1
0.098122 1
0.019878 1
0.065987 1
0.130314 1
0.151982 1
0.214996 1
0.042868 1
0.065914 1
0.073907 1
0.266131 1
0.219020 1
0.036985 1
0.005797 1
0.159946 1
0.144121 1
0.033882 1
0.105285 1
0.066033 1
0.012729 1
0.251357 1
0.163895 1
0.655899 2
0.057983 2
0.000010 20
0.000006 22
0.000021 36
0.000026 60
0.000006 30
0.000006 12
0.000007 48
0.000006 24
0.000007 43
0.000006 72
0.000227 123
0.001837 15
0.000037 50
0.005252 68
3.095564 1
0.357969 1
0.077948 1
0.114248 1
0.013615 1
0.182308 1
0.005748 1
0.318150 1
0.025945 1
0.192255 1
0.019703 1
0.064161 1
0.017892 1
0.098081 1
0.003706 1
0.084297 1
0.291814 1
0.024067 1
0.074971 1
0.082913 1
0.070649 1
0.019550 1
0.105815 1
0.033058 1
0.141104 1
0.155902 1
0.022017 1
0.225126 1
0.106736 1
0.067300 1
0.102018 1
0.028726 1
0.101050 1
0.142330 1
0.145925 1
0.128168 1
0.022837 1
0.076832 1
0.064316 1
0.019659 1
0.262032 1
0.003612 1
0.152387 1
0.031895 1
0.010077 1
0.144134 1
0.001478 1
0.054284 1
0.134219 1
0.087915 1
0.109921 1
0.001740 1
0.148338 1
0.195045 1
0.143044 1
0.073732 1
0.108159 1
0.025968 1
0.196045 1
0.014839 1
0.039450 1
0.055859 1
0.097806 1
0.157906 1
0.009035 1
0.098193 1
0.029882 1
0.139912 1
0.048053 1
0.003882 1
0.128515 1
0.083538 1
0.059229 1
0.210816 1
0.155984 1
0.132014 1
0.745937 2
0.041146 68
1.599053 1
0.100994 1
0.112923 1
0.092915 1
0.134026 1
0.078102 1
0.125088 1
0.135764 1
0.179183 1
0.128179 1
0.533851 1
0.123957 1
0.011912 1
0.140061 1
0.024058 1
0.005954 1
0.247829 1
0.103942 1
0.132244 1
0.109966 1
0.153903 1
0.361005 1
0.106092 1
0.064950 1
0.084963 1
0.078173 1
0.196938 1
0.084050 1
0.091783 1
0.006968 1
0.071382 1
0.098704 1
0.037023 1
0.214912 1
0.034310 1
0.086593 1
0.161315 1
0.148046 1
0.052039 1
0.073779 1
0.218035 1
0.123937 1
0.133992 1
0.020058 1
0.103947 1
0.104004 1
0.146018 1
0.204274 1
0.109703 1
1.548097 2
0.068338 113
0.000704 58
0.006128 10
0.000013 30
0.007535 49
0.023940 99
0.000195 36
0.079137 53
0.002235 60
0.003743 68
2.617045 1
0.035907 1
0.180918 1
0.171171 1
0.178963 1
0.115899 1
0.082184 1
0.056049 1
0.010842 1
0.150935 1
0.072242 1
0.224212 1
0.017572 1
0.120056 1
0.029791 1
0.012142 1
0.003912 1
0.146287 1
0.085829 1
0.064288 1
0.091848 1
0.035862 1
0.162168 1
0.143870 1
0.035254 1
0.080833 1
0.105793 1
0.121989 1
0.034340 1
0.091769 1
0.083943 1
0.188001 1
0.130121 1
0.626981 2
0.051626 379
0.000740 32
0.001814 106
0.000085 58
0.004479 68
2.407101 1
0.204033 1
0.048089 1
0.056963 1
0.075085 1
0.163943 1
0.105077 1
0.221876 1
0.092926 1
0.131367 1
0.105718 1
0.087880 1
0.052197 1
0.109017 1
0.259216 1
0.067623 1
0.120024 1
0.096056 1
0.196081 1
0.189947 1
0.096031 1
0.208018 1
0.049895 1
0.112405 1
0.181679 1
0.104135 1
0.159776 1
0.048648 1
0.069340 1
0.726085 2
0.003746 68
0.627129 1
0.077091 1
0.206918 1
0.148183 1
0.077958 1
0.037844 1
0.116452 1
0.021526 1
0.064095 1
0.162135 1
0.175805 1
0.051996 1
0.092191 1
0.007834 1
0.100002 1
0.108208 1
0.226390 1
0.149356 1
0.022162 1
0.069977 1
0.007892 1
0.185149 1
0.040824 1
0.169045 1
0.031919 1
0.102004 1
0.015085 1
0.221001 1
0.108264 1
0.004672 1
0.109255 1
0.064771 1
0.023936 1
0.092137 1
0.169124 1
0.295926 1
0.007911 1
0.192042 1
0.173915 1
0.100052 1
0.301916 1
0.064343 1
0.041708 1
0.091969 1
0.073159 1
1.288144 2
0.069953 34
0.010405 68
1.961452 1
0.086200 1
0.136836 1
0.074932 1
0.124143 1
0.043806 1
0.066904 1
0.036003 1
0.106112 1
0.141953 1
0.138063 1
0.177021 1
0.023311 1
0.229747 1
0.187759 1
0.078370 1
0.088129 1
0.035692 1
0.118168 1
0.079965 1
0.033868 1
0.088155 1
0.218203 1
0.105624 1
0.067982 1
0.060141 1
0.234075 1
0.059741 1
0.172070 1
0.091957 1
0.314968 1
0.030066 1
0.266105 1
0.101996 1
0.120996 1
0.060849 1
0.029923 1
0.039182 1
0.280936 1
0.244069 1
0.092014 1
0.163977 1
0.128362 1
1.277770 2
0.052792 120
0.029702 137
0.000011 37
0.016148 23
0.000014 87
0.017154 47
0.000010 42
0.000007 4
0.000030 23
0.000075 86
0.078607 109
0.028582 42
0.008251 81
0.001699 133
0.001698 141
0.008026 33
0.002129 58
0.007567 68
3.156363 1
0.091978 1
0.134131 1
0.121866 1
0.098379 1
0.151471 1
0.272268 1
0.100951 1
0.017788 1
0.135249 1
0.017851 1
0.439118 1
0.114148 1
0.042691 1
0.081050 1
0.052131 1
0.150734 1
0.019951 1
0.055694 1
0.035608 1
0.164365 1
0.233867 1
0.109567 1
0.050267 1
0.007715 1
0.155943 1
0.068447 1
0.113788 1
0.337933 1
0.028079 1
0.084228 1
0.081619 1
0.072306 1
0.129814 1
0.026121 1
0.185981 1
0.091664 1
0.082195 1
0.071932 1
0.318211 1
0.023799 1
0.135789 1
0.030187 1
0.076302 1
0.072870 1
0.048826 1
0.050982 1
0.057822 1
0.152325 1
0.068929 1
0.021955 1
0.099041 1
0.094264 1
0.152851 1
0.080007 1
0.087225 1
0.113993 1
0.080657 1
0.060988 1
0.138971 1
0.064015 1
1.180981 2
0.078439 52
0.000050 186
0.000006 74
0.000134 283
0.005364 68
4.365078 2
